# Generated on 22-10-14 08:40:20 by differentials/theory/scalecorrelation.py; current git commit: 9470de8 Fix paths and change commands options for interpretation scans
+1.0000 +0.7836 +0.4447 +0.2125 +0.3063 +0.0338 +0.1513 +0.4544 +0.5657
+0.7836 +1.0000 +0.8668 +0.6790 +0.7593 +0.5438 +0.6446 +0.8729 +0.8983
+0.4447 +0.8668 +1.0000 +0.9318 +0.9268 +0.8559 +0.8774 +0.9521 +0.9193
+0.2125 +0.6790 +0.9318 +1.0000 +0.9672 +0.9714 +0.9660 +0.9227 +0.8508
+0.3063 +0.7593 +0.9268 +0.9672 +1.0000 +0.9409 +0.9798 +0.9677 +0.9064
+0.0338 +0.5438 +0.8559 +0.9714 +0.9409 +1.0000 +0.9807 +0.8700 +0.7959
+0.1513 +0.6446 +0.8774 +0.9660 +0.9798 +0.9807 +1.0000 +0.9321 +0.8631
+0.4544 +0.8729 +0.9521 +0.9227 +0.9677 +0.8700 +0.9321 +1.0000 +0.9665
+0.5657 +0.8983 +0.9193 +0.8508 +0.9064 +0.7959 +0.8631 +0.9665 +1.0000
