# Generated on 22-06-15 15:21:32 by differentials/theory/scalecorrelation.py; current git commit: 9470de8 Fix paths and change commands options for interpretation scans
+1.0000 +0.7822 +0.6083 +0.4069 +0.1389 +0.2651 +0.2267 -0.0853 +0.1142 -0.1440 +0.0614 -0.1786 +0.1714 +0.2886 +0.2680 +0.3635 +0.3395 +0.2219 +0.2414
+0.7822 +1.0000 +0.8520 +0.7733 +0.5859 +0.5984 +0.5080 +0.2206 +0.4391 +0.1825 +0.3838 +0.1437 +0.5379 +0.6149 +0.6303 +0.6833 +0.7638 +0.2484 +0.5028
+0.6083 +0.8520 +1.0000 +0.6913 +0.6703 +0.6930 +0.6634 +0.3384 +0.6102 +0.3473 +0.5593 +0.3607 +0.7027 +0.7729 +0.7936 +0.7908 +0.8017 +0.5212 +0.5310
+0.4069 +0.7733 +0.6913 +1.0000 +0.9193 +0.9158 +0.8389 +0.7580 +0.8192 +0.7067 +0.7904 +0.6375 +0.8745 +0.8679 +0.8389 +0.8595 +0.8343 +0.5867 +0.7440
+0.1389 +0.5859 +0.6703 +0.9193 +1.0000 +0.9196 +0.8925 +0.8378 +0.8652 +0.8114 +0.8509 +0.7502 +0.9382 +0.8955 +0.8499 +0.8676 +0.8160 +0.6676 +0.8412
+0.2651 +0.5984 +0.6930 +0.9158 +0.9196 +1.0000 +0.8962 +0.8995 +0.9531 +0.8670 +0.9357 +0.8271 +0.9596 +0.9519 +0.9298 +0.9181 +0.8352 +0.7803 +0.7321
+0.2267 +0.5080 +0.6634 +0.8389 +0.8925 +0.8962 +1.0000 +0.8404 +0.9424 +0.8635 +0.9251 +0.8545 +0.9615 +0.9527 +0.9075 +0.8920 +0.7617 +0.8488 +0.6898
-0.0853 +0.2206 +0.3384 +0.7580 +0.8378 +0.8995 +0.8404 +1.0000 +0.9227 +0.9775 +0.9363 +0.9307 +0.8854 +0.8282 +0.7789 +0.7640 +0.6265 +0.7806 +0.6693
+0.1142 +0.4391 +0.6102 +0.8192 +0.8652 +0.9531 +0.9424 +0.9227 +1.0000 +0.9409 +0.9877 +0.9437 +0.9681 +0.9595 +0.9493 +0.8974 +0.7957 +0.8245 +0.6167
-0.1440 +0.1825 +0.3473 +0.7067 +0.8114 +0.8670 +0.8635 +0.9775 +0.9409 +1.0000 +0.9650 +0.9817 +0.8994 +0.8527 +0.8163 +0.7925 +0.6605 +0.7790 +0.5990
+0.0614 +0.3838 +0.5593 +0.7904 +0.8509 +0.9357 +0.9251 +0.9363 +0.9877 +0.9650 +1.0000 +0.9606 +0.9668 +0.9534 +0.9329 +0.9020 +0.7786 +0.8325 +0.5987
-0.1786 +0.1437 +0.3607 +0.6375 +0.7502 +0.8271 +0.8545 +0.9307 +0.9437 +0.9817 +0.9606 +1.0000 +0.8805 +0.8463 +0.8353 +0.7703 +0.6503 +0.7708 +0.4852
+0.1714 +0.5379 +0.7027 +0.8745 +0.9382 +0.9596 +0.9615 +0.8854 +0.9681 +0.8994 +0.9668 +0.8805 +1.0000 +0.9862 +0.9573 +0.9403 +0.8340 +0.8221 +0.6984
+0.2886 +0.6149 +0.7729 +0.8679 +0.8955 +0.9519 +0.9527 +0.8282 +0.9595 +0.8527 +0.9534 +0.8463 +0.9862 +1.0000 +0.9825 +0.9718 +0.8766 +0.8147 +0.6613
+0.2680 +0.6303 +0.7936 +0.8389 +0.8499 +0.9298 +0.9075 +0.7789 +0.9493 +0.8163 +0.9329 +0.8353 +0.9573 +0.9825 +1.0000 +0.9500 +0.8996 +0.7412 +0.5607
+0.3635 +0.6833 +0.7908 +0.8595 +0.8676 +0.9181 +0.8920 +0.7640 +0.8974 +0.7925 +0.9020 +0.7703 +0.9403 +0.9718 +0.9500 +1.0000 +0.9371 +0.7235 +0.7078
+0.3395 +0.7638 +0.8017 +0.8343 +0.8160 +0.8352 +0.7617 +0.6265 +0.7957 +0.6605 +0.7786 +0.6503 +0.8340 +0.8766 +0.8996 +0.9371 +1.0000 +0.4607 +0.6550
+0.2219 +0.2484 +0.5212 +0.5867 +0.6676 +0.7803 +0.8488 +0.7806 +0.8245 +0.7790 +0.8325 +0.7708 +0.8221 +0.8147 +0.7412 +0.7235 +0.4607 +1.0000 +0.5324
+0.2414 +0.5028 +0.5310 +0.7440 +0.8412 +0.7321 +0.6898 +0.6693 +0.6167 +0.5990 +0.5987 +0.4852 +0.6984 +0.6613 +0.5607 +0.7078 +0.6550 +0.5324 +1.0000
